,0
0,0.7830868363380432
1,0.7781569957733154
2,0.7925673127174377
3,0.8016685843467712
4,0.7819491624832153
5,0.7963594794273376
6,0.788016676902771
7,0.7811907529830933
8,0.7887751460075378
9,0.7933257222175598
10,0.7868790030479431
11,0.7959802746772766
12,0.8054607510566711
13,0.7944633960723877
14,0.7933257222175598
15,0.8039438724517822
16,0.811149001121521
17,0.8077360391616821
18,0.806598424911499
19,0.8043230772018433
20,0.8020477890968323
21,0.8039438724517822
22,0.808494508266449
23,0.8115282654762268
24,0.8047022819519043
25,0.8100113868713379
26,0.8050815463066101
27,0.8073568344116211
28,0.8054607510566711
29,0.8024269938468933
30,0.8145620226860046
31,0.8081153035163879
32,0.811149001121521
33,0.8081153035163879
34,0.8153204321861267
35,0.8100113868713379
36,0.8164581060409546
37,0.8096321821212769
38,0.8103905916213989
39,0.8221463561058044
40,0.8100113868713379
41,0.8020477890968323
42,0.80887371301651
43,0.8160789012908936
44,0.8156996369361877
45,0.8172165155410767
46,0.809252917766571
47,0.8100113868713379
48,0.8115282654762268
49,0.8175957202911377
50,0.8221463561058044
51,0.8229048252105713
52,0.8160789012908936
53,0.8240424394607544
54,0.80887371301651
55,0.8168373107910156
56,0.8229048252105713
57,0.8138035535812378
58,0.811149001121521
59,0.8119074702262878
60,0.8255593180656433
61,0.8210087418556213
62,0.8206294775009155
63,0.8335229158401489
64,0.8175957202911377
65,0.809252917766571
66,0.8354190587997437
67,0.8225256204605103
68,0.8164581060409546
69,0.8210087418556213
70,0.83200603723526
71,0.829351544380188
72,0.8194918632507324
73,0.8198710680007935
74,0.8282138705253601
75,0.8323853015899658
76,0.831626832485199
77,0.8198710680007935
78,0.827455461025238
79,0.828972339630127
80,0.8354190587997437
81,0.8312476277351379
82,0.831626832485199
83,0.8240424394607544
84,0.8304891586303711
85,0.8206294775009155
86,0.8248009085655212
87,0.8259385824203491
88,0.8232840299606323
89,0.8350397944450378
90,0.8194918632507324
91,0.8244217038154602
92,0.8342813849449158
93,0.8304891586303711
94,0.8433826565742493
95,0.8301099538803101
96,0.8240424394607544
97,0.8376943469047546
98,0.8339021801948547
99,0.8240424394607544
