,0
0,41.79527001082897
1,42.89231199026108
2,42.14980934560299
3,41.24734476208687
4,41.668911442160606
5,41.037709414958954
6,40.54400955140591
7,42.618948712944984
8,41.190829277038574
9,40.77161702513695
10,41.91781768202782
11,39.78932538628578
12,39.732968389987946
13,40.480877727270126
14,40.033758491277695
15,40.227563843131065
16,38.87103307247162
17,38.12888005375862
18,39.27031809091568
19,40.49830360710621
20,40.7707644701004
21,38.679261296987534
22,38.77886438369751
23,38.91032664477825
24,38.67235150933266
25,38.65861628949642
26,38.636784583330154
27,39.2576824426651
28,37.943569868803024
29,39.116689935326576
30,38.4325982183218
31,38.318453565239906
32,37.59285943210125
33,39.40318550169468
34,37.85378444194794
35,37.35857640206814
36,36.69594104588032
37,37.97248063981533
38,37.87385033071041
39,37.12089394032955
40,38.09393347799778
41,38.63815176486969
42,37.937776893377304
43,37.29907113313675
44,37.32184651494026
45,36.753325417637825
46,37.90917158126831
47,36.18886378407478
48,38.786467254161835
49,36.706069588661194
50,36.698437586426735
51,36.8306498080492
52,37.26391766965389
53,36.702280297875404
54,38.82420212030411
55,36.306383058428764
56,35.71627928316593
57,35.86033786833286
58,37.62062951922417
59,36.770450949668884
60,35.296388894319534
61,37.0382217168808
62,35.79280386865139
63,34.49253597855568
64,36.39463311433792
65,36.74460409581661
66,33.41466289758682
67,36.571066692471504
68,37.08004470169544
69,35.49866373836994
70,34.70027785003185
71,35.18593743443489
72,36.61403679847717
73,35.72006195783615
74,32.99233400821686
75,34.0292217284441
76,34.93810226023197
77,35.28361503779888
78,35.03258906304836
79,33.80662150681019
80,33.67732494324446
81,35.03851863741875
82,35.464621007442474
83,35.85574063658714
84,33.55886369943619
85,34.318991139531136
86,34.78794868290424
87,35.07201990485191
88,35.41741509735584
89,33.087572798132896
90,35.83302669227123
91,36.111969619989395
92,34.372820526361465
93,33.46941418945789
94,31.814919725060463
95,33.45388221740723
96,34.255127012729645
97,33.08000849187374
98,34.29514266550541
99,35.749220460653305
